   0.00000000E+00   0.30000000E-01   0.00000000E+00   0.30000000E-01   0.00000000E+00   0.30000000E-01   0.00000000E+00
   0.20000000E-02   0.30962809E-01  -0.10256893E-02   0.30962809E-01  -0.10256893E-02   0.30081159E-01  -0.27238454E-05
   0.40000000E-02   0.31591436E-01  -0.16836679E-02   0.31591436E-01  -0.16836679E-02   0.30139749E-01  -0.76207940E-05
   0.60000000E-02   0.32454959E-01  -0.25715789E-02   0.32454959E-01  -0.25715789E-02   0.30229608E-01  -0.18908772E-04
   0.80000000E-02   0.33195127E-01  -0.33330998E-02   0.33195127E-01  -0.33330998E-02   0.30316095E-01  -0.33301921E-04
   0.10000000E-01   0.33840040E-01  -0.39714179E-02   0.33840040E-01  -0.39714179E-02   0.30398801E-01  -0.49700399E-04
   0.12000000E-01   0.34602633E-01  -0.47343594E-02   0.34602633E-01  -0.47343594E-02   0.30510934E-01  -0.75232026E-04
   0.14000000E-01   0.34602633E-01  -0.47343594E-02   0.34602633E-01  -0.47343594E-02   0.30510934E-01  -0.75232026E-04
   0.16000000E-01   0.35242980E-01  -0.53812051E-02   0.35242980E-01  -0.53812051E-02   0.30615741E-01  -0.10200706E-03
   0.18000000E-01   0.35832307E-01  -0.59451542E-02   0.35832307E-01  -0.59451542E-02   0.30721313E-01  -0.13131943E-03
   0.20000000E-01   0.35832307E-01  -0.59451542E-02   0.35832307E-01  -0.59451542E-02   0.30721313E-01  -0.13131943E-03
   0.22000000E-01   0.36590896E-01  -0.66773211E-02   0.36590896E-01  -0.66773211E-02   0.30881399E-01  -0.17930228E-03
   0.24000000E-01   0.37225573E-01  -0.73358733E-02   0.37225573E-01  -0.73358733E-02   0.31040843E-01  -0.23068157E-03
   0.26000000E-01   0.37225573E-01  -0.73358733E-02   0.37225573E-01  -0.73358733E-02   0.31040843E-01  -0.23068157E-03
   0.28000000E-01   0.37840351E-01  -0.79403329E-02   0.37840351E-01  -0.79403329E-02   0.31209026E-01  -0.28821980E-03
   0.30000000E-01   0.37840351E-01  -0.79403329E-02   0.37840351E-01  -0.79403329E-02   0.31209026E-01  -0.28821980E-03
   0.32000000E-01   0.38317598E-01  -0.83889499E-02   0.38317598E-01  -0.83889499E-02   0.31360042E-01  -0.34213553E-03
   0.34000000E-01   0.38317598E-01  -0.83889499E-02   0.38317598E-01  -0.83889499E-02   0.31360042E-01  -0.34213553E-03
   0.36000000E-01   0.38912916E-01  -0.89685398E-02   0.38912916E-01  -0.89685398E-02   0.31591002E-01  -0.42784240E-03
   0.38000000E-01   0.38912916E-01  -0.89685398E-02   0.38912916E-01  -0.89685398E-02   0.31591002E-01  -0.42784240E-03
   0.40000000E-01   0.39401475E-01  -0.95047000E-02   0.39401475E-01  -0.95047000E-02   0.31835720E-01  -0.52235287E-03
   0.42000000E-01   0.39401475E-01  -0.95047000E-02   0.39401475E-01  -0.95047000E-02   0.31835720E-01  -0.52235287E-03
   0.44000000E-01   0.39401475E-01  -0.95047000E-02   0.39401475E-01  -0.95047000E-02   0.31835720E-01  -0.52235287E-03
   0.46000000E-01   0.39831326E-01  -0.10044385E-01   0.39831326E-01  -0.10044385E-01   0.32093429E-01  -0.62581760E-03
   0.48000000E-01   0.39831326E-01  -0.10044385E-01   0.39831326E-01  -0.10044385E-01   0.32093429E-01  -0.62581760E-03
   0.50000000E-01   0.39831326E-01  -0.10044385E-01   0.39831326E-01  -0.10044385E-01   0.32093429E-01  -0.62581760E-03
   0.52000000E-01   0.40190881E-01  -0.10445522E-01   0.40190881E-01  -0.10445522E-01   0.32318078E-01  -0.71898425E-03
   0.54000000E-01   0.40190881E-01  -0.10445522E-01   0.40190881E-01  -0.10445522E-01   0.32318078E-01  -0.71898425E-03
   0.56000000E-01   0.40560425E-01  -0.10828739E-01   0.40560425E-01  -0.10828739E-01   0.32592451E-01  -0.83548365E-03
   0.58000000E-01   0.40560425E-01  -0.10828739E-01   0.40560425E-01  -0.10828739E-01   0.32592451E-01  -0.83548365E-03
   0.60000000E-01   0.40560425E-01  -0.10828739E-01   0.40560425E-01  -0.10828739E-01   0.32592451E-01  -0.83548365E-03
   0.62000000E-01   0.40943152E-01  -0.11233395E-01   0.40943152E-01  -0.11233395E-01   0.32965541E-01  -0.99746506E-03
   0.64000000E-01   0.40943152E-01  -0.11233395E-01   0.40943152E-01  -0.11233395E-01   0.32965541E-01  -0.99746506E-03
   0.66000000E-01   0.40943152E-01  -0.11233395E-01   0.40943152E-01  -0.11233395E-01   0.32965541E-01  -0.99746506E-03
   0.68000000E-01   0.40943152E-01  -0.11233395E-01   0.40943152E-01  -0.11233395E-01   0.32965541E-01  -0.99746506E-03
   0.70000000E-01   0.41272489E-01  -0.11616448E-01   0.41272489E-01  -0.11616448E-01   0.33418432E-01  -0.11984714E-02
   0.72000000E-01   0.41272489E-01  -0.11616448E-01   0.41272489E-01  -0.11616448E-01   0.33418432E-01  -0.11984714E-02
   0.74000000E-01   0.41272489E-01  -0.11616448E-01   0.41272489E-01  -0.11616448E-01   0.33418432E-01  -0.11984714E-02
   0.76000000E-01   0.41272489E-01  -0.11616448E-01   0.41272489E-01  -0.11616448E-01   0.33418432E-01  -0.11984714E-02
   0.78000000E-01   0.41520503E-01  -0.11956597E-01   0.41520503E-01  -0.11956597E-01   0.33914538E-01  -0.14233234E-02
   0.80000000E-01   0.41520503E-01  -0.11956597E-01   0.41520503E-01  -0.11956597E-01   0.33914538E-01  -0.14233234E-02
   0.82000000E-01   0.41520503E-01  -0.11956597E-01   0.41520503E-01  -0.11956597E-01   0.33914538E-01  -0.14233234E-02
   0.84000000E-01   0.41520503E-01  -0.11956597E-01   0.41520503E-01  -0.11956597E-01   0.33914538E-01  -0.14233234E-02
   0.86000000E-01   0.41520503E-01  -0.11956597E-01   0.41520503E-01  -0.11956597E-01   0.33914538E-01  -0.14233234E-02
   0.88000000E-01   0.41721047E-01  -0.12305076E-01   0.41721047E-01  -0.12305076E-01   0.34509292E-01  -0.16987152E-02
   0.90000000E-01   0.41721047E-01  -0.12305076E-01   0.41721047E-01  -0.12305076E-01   0.34509292E-01  -0.16987152E-02
   0.92000000E-01   0.41721047E-01  -0.12305076E-01   0.41721047E-01  -0.12305076E-01   0.34509292E-01  -0.16987152E-02
   0.94000000E-01   0.41721047E-01  -0.12305076E-01   0.41721047E-01  -0.12305076E-01   0.34509292E-01  -0.16987152E-02
   0.96000000E-01   0.41721047E-01  -0.12305076E-01   0.41721047E-01  -0.12305076E-01   0.34509292E-01  -0.16987152E-02
   0.98000000E-01   0.41721047E-01  -0.12305076E-01   0.41721047E-01  -0.12305076E-01   0.34509292E-01  -0.16987152E-02
   0.10000000E+00   0.41721047E-01  -0.12305076E-01   0.41721047E-01  -0.12305076E-01   0.34509292E-01  -0.16987152E-02
